Programming EEPROM................ done
Reading EEPROM
000: 40 14 00 00 00 00 00 00   40 14 48 12 00 00 00 00   
010: 40 14 48 10 02 00 00 00   40 14 48 10 02 00 00 00   
020: 40 14 48 21 00 00 00 00   40 14 0a 00 00 00 00 00   
030: 40 14 08 00 00 00 00 00   40 14 00 00 00 00 00 00   
040: 40 14 00 00 00 00 00 00   40 14 00 00 00 00 00 00   
050: 40 14 00 00 00 00 00 00   40 14 00 00 00 00 00 00   
060: 40 14 00 00 00 00 00 00   40 14 00 00 00 00 00 00   
070: 40 14 01 00 00 00 00 00   40 14 80 00 00 00 00 00   
080: 04 08 00 00 00 00 00 00   04 08 00 00 00 00 00 00   
090: 04 08 00 20 81 00 00 00   04 08 00 20 c1 00 00 00   
0a0: 04 08 00 00 00 00 00 00   04 08 00 00 00 00 00 00   
0b0: 04 08 02 00 00 00 00 00   04 08 00 00 00 00 00 00   
0c0: 04 08 00 00 00 00 00 00   04 08 00 00 00 00 00 00   
0d0: 04 08 00 00 00 00 00 00   04 08 00 00 00 00 00 00   
0e0: 04 08 00 00 00 00 00 00   04 08 00 00 00 00 00 00   
0f0: 04 08 10 00 00 00 00 00   04 08 00 00 00 00 00 00   
100: 40 14 00 00 00 00 00 00   40 14 48 12 00 00 00 00   
110: 40 14 48 10 02 00 00 00   40 14 48 10 02 00 00 00   
120: 40 14 48 21 00 00 00 00   40 14 0a 00 00 00 00 00   
130: 40 14 08 00 00 00 00 00   40 14 08 00 00 00 00 00   
140: 40 14 00 00 00 00 00 00   40 14 00 00 00 00 00 00   
150: 40 14 00 00 00 00 00 00   40 14 00 00 00 00 00 00   
160: 40 14 00 00 00 00 00 00   40 14 00 00 00 00 00 00   
170: 40 14 01 00 00 00 00 00   40 14 80 00 00 00 00 00   
180: 04 08 00 00 00 00 00 00   04 08 00 00 00 00 00 00   
190: 04 08 00 20 81 00 00 00   04 08 00 20 c1 00 00 00   
1a0: 04 08 00 00 00 00 00 00   04 08 00 00 00 00 00 00   
1b0: 04 08 02 00 00 00 00 00   04 08 02 00 00 00 00 00   
1c0: 04 08 00 00 00 00 00 00   04 08 00 00 00 00 00 00   
1d0: 04 08 00 00 00 00 00 00   04 08 00 00 00 00 00 00   
1e0: 04 08 00 00 00 00 00 00   04 08 00 00 00 00 00 00   
1f0: 04 08 10 00 00 00 00 00   04 08 00 00 00 00 00 00   
200: 40 14 00 00 00 00 00 00   40 14 48 12 00 00 00 00   
210: 40 14 48 10 02 00 00 00   40 14 48 10 02 00 00 00   
220: 40 14 48 21 00 00 00 00   40 14 0a 00 00 00 00 00   
230: 40 14 08 00 00 00 00 00   40 14 00 00 00 00 00 00   
240: 40 14 08 00 00 00 00 00   40 14 00 00 00 00 00 00   
250: 40 14 00 00 00 00 00 00   40 14 00 00 00 00 00 00   
260: 40 14 00 00 00 00 00 00   40 14 00 00 00 00 00 00   
270: 40 14 01 00 00 00 00 00   40 14 80 00 00 00 00 00   
280: 04 08 00 00 00 00 00 00   04 08 00 00 00 00 00 00   
290: 04 08 00 20 81 00 00 00   04 08 00 20 c1 00 00 00   
2a0: 04 08 00 00 00 00 00 00   04 08 00 00 00 00 00 00   
2b0: 04 08 02 00 00 00 00 00   04 08 00 00 00 00 00 00   
2c0: 04 08 02 00 00 00 00 00   04 08 00 00 00 00 00 00   
2d0: 04 08 00 00 00 00 00 00   04 08 00 00 00 00 00 00   
2e0: 04 08 00 00 00 00 00 00   04 08 00 00 00 00 00 00   
2f0: 04 08 10 00 00 00 00 00   04 08 00 00 00 00 00 00   
300: 40 14 00 00 00 00 00 00   40 14 48 12 00 00 00 00   
310: 40 14 48 10 02 00 00 00   40 14 48 10 02 00 00 00   
320: 40 14 48 21 00 00 00 00   40 14 0a 00 00 00 00 00   
330: 40 14 08 00 00 00 00 00   40 14 08 00 00 00 00 00   
340: 40 14 08 00 00 00 00 00   40 14 00 00 00 00 00 00   
350: 40 14 00 00 00 00 00 00   40 14 00 00 00 00 00 00   
360: 40 14 00 00 00 00 00 00   40 14 00 00 00 00 00 00   
370: 40 14 01 00 00 00 00 00   40 14 80 00 00 00 00 00   
380: 04 08 00 00 00 00 00 00   04 08 00 00 00 00 00 00   
390: 04 08 00 20 81 00 00 00   04 08 00 20 c1 00 00 00   
3a0: 04 08 00 00 00 00 00 00   04 08 00 00 00 00 00 00   
3b0: 04 08 02 00 00 00 00 00   04 08 02 00 00 00 00 00   
3c0: 04 08 02 00 00 00 00 00   04 08 00 00 00 00 00 00   
3d0: 04 08 00 00 00 00 00 00   04 08 00 00 00 00 00 00   
3e0: 04 08 00 00 00 00 00 00   04 08 00 00 00 00 00 00   
3f0: 04 08 10 00 00 00 00 00   04 08 00 00 00 00 00 00   
400: 