000: 40 14 00 00 00 00 00 00   40 14 48 12 00 00 00 00   
10:  40 14 48 10 02 00 00 00   40 14 48 10 02 00 00 00   
20:  40 14 48 21 00 00 00 00   40 14 0a 00 00 00 00 00   
30:  40 14 08 00 00 00 00 00   40 14 00 00 00 00 00 00   
40:  40 14 00 00 00 00 00 00   40 14 00 00 00 00 00 00   
50:  40 14 00 00 00 00 00 00   40 14 00 00 00 00 00 00   
60:  40 14 00 00 00 00 00 00   40 14 00 00 00 00 00 00   
70:  40 14 01 00 00 00 00 00   40 14 80 00 00 00 00 00   
80:  20 08 00 00 00 00 00 00   04 08 00 00 00 00 00 00   
90:  04 08 00 20 81 00 00 00   04 08 00 20 c1 00 00 00   
A0:  04 08 00 00 00 00 00 00   04 08 00 00 00 00 00 00   
B0:  04 08 02 00 00 00 00 00   04 08 00 00 00 00 00 00   
C0:  04 08 00 00 00 00 00 00   04 08 00 00 00 00 00 00   
D0:  04 08 00 00 00 00 00 00   04 08 00 00 00 00 00 00   
E0:  04 08 00 00 00 00 00 00   04 08 00 00 00 00 00 00   
F0:  04 08 10 00 00 00 00 00   04 08 00 00 00 00 00 00   
100:  40 14 00 00 00 00 00 00   40 14 48 12 00 00 00 00   
110:  40 14 48 10 02 00 00 00   40 14 48 10 02 00 00 00   
120:  40 14 48 21 00 00 00 00   40 14 0a 00 00 00 00 00   
130:  40 14 08 00 00 00 00 00   40 14 08 00 00 00 00 00   
140:  40 14 00 00 00 00 00 00   40 14 00 00 00 00 00 00   
150:  40 14 00 00 00 00 00 00   40 14 00 00 00 00 00 00   
160:  40 14 00 00 00 00 00 00   40 14 00 00 00 00 00 00   
170:  40 14 01 00 00 00 00 00   40 14 80 00 00 00 00 00   
180:  04 08 00 00 00 00 00 00   04 08 00 00 00 00 00 00   
190:  04 08 00 20 81 00 00 00   04 08 00 20 c1 00 00 00   
1A0:  04 08 00 00 00 00 00 00   04 08 00 00 00 00 00 00   
1B0:  04 08 02 00 00 00 00 00   04 08 02 00 00 00 00 00   
1C0:  04 08 00 00 00 00 00 00   04 08 00 00 00 00 00 00   
1D0:  04 08 00 00 00 00 00 00   04 08 00 00 00 00 00 00   
1E0:  04 08 00 00 00 00 00 00   04 08 00 00 00 00 00 00   
1F0:  04 08 10 00 00 00 00 00   04 08 00 00 00 00 00 00   
200:  40 14 00 00 00 00 00 00   40 14 48 12 00 00 00 00   
210:  40 14 48 10 02 00 00 00   40 14 48 10 02 00 00 00   
220:  40 14 48 21 00 00 00 00   40 14 0a 00 00 00 00 00   
230:  40 14 08 00 00 00 00 00   40 14 00 00 00 00 00 00   
240:  40 14 08 00 00 00 00 00   40 14 00 00 00 00 00 00   
250:  40 14 00 00 00 00 00 00   40 14 00 00 00 00 00 00   
260:  40 14 00 00 00 00 00 00   40 14 00 00 00 00 00 00   
270:  40 14 01 00 00 00 00 00   40 14 80 00 00 00 00 00   
280:  04 08 00 00 00 00 00 00   04 08 00 00 00 00 00 00   
290:  04 08 00 20 81 00 00 00   04 08 00 20 c1 00 00 00   
2A0:  04 08 00 00 00 00 00 00   04 08 00 00 00 00 00 00   
2B0:  04 08 02 00 00 00 00 00   04 08 00 00 00 00 00 00   
2C0:  04 08 02 00 00 00 00 00   04 08 00 00 00 00 00 00   
2D0:  04 08 00 00 00 00 00 00   04 08 00 00 00 00 00 00   
2E0:  04 08 00 00 00 00 00 00   04 08 00 00 00 00 00 00   
2F0:  04 08 10 00 00 00 00 00   04 08 00 00 00 00 00 00   
300:  40 14 00 00 00 00 00 00   40 14 48 12 00 00 00 00   
310:  40 14 48 10 02 00 00 00   40 14 48 10 02 00 00 00   
320:  40 14 48 21 00 00 00 00   40 14 0a 00 00 00 00 00   
330:  40 14 08 00 00 00 00 00   40 14 08 00 00 00 00 00   
340:  40 14 08 00 00 00 00 00   40 14 00 00 00 00 00 00   
350:  40 14 00 00 00 00 00 00   40 14 00 00 00 00 00 00   
360:  40 14 00 00 00 00 00 00   40 14 00 00 00 00 00 00   
370:  40 14 01 00 00 00 00 00   40 14 80 00 00 00 00 00   
380:  04 08 00 00 00 00 00 00   04 08 00 00 00 00 00 00   
390:  04 08 00 20 81 00 00 00   04 08 00 20 c1 00 00 00   
3A0:  04 08 00 00 00 00 00 00   04 08 00 00 00 00 00 00   
3B0:  04 08 02 00 00 00 00 00   04 08 02 00 00 00 00 00   
3C0:  04 08 02 00 00 00 00 00   04 08 00 00 00 00 00 00   
3D0:  04 08 00 00 00 00 00 00   04 08 00 00 00 00 00 00   
3E0:  04 08 00 00 00 00 00 00   04 08 00 00 00 00 00 00   
3F0:  04 08 10 00 00 00 00 00   04 08 00 00 00 00 00 00   
400:  