40 14 00 00 00 00 00 00
40 14 48 12 00 00 00 00
40 14 48 10 02 00 00 00
40 14 48 10 02 00 00 00
40 14 48 21 00 00 00 00
40 14 0a 00 00 00 00 00
40 14 08 00 00 00 00 00
40 14 00 00 00 00 00 00
40 14 00 00 00 00 00 00
40 14 00 00 00 00 00 00
40 14 00 00 00 00 00 00
40 14 00 00 00 00 00 00
40 14 00 00 00 00 00 00
40 14 00 00 00 00 00 00
40 14 01 00 00 00 00 00
40 14 80 00 00 00 00 00
04 08 00 00 00 00 00 00
04 08 00 00 00 00 00 00
04 08 00 20 81 00 00 00
04 08 00 20 c1 00 00 00
04 08 00 00 00 00 00 00
04 08 00 00 00 00 00 00
04 08 02 00 00 00 00 00
04 08 00 00 00 00 00 00
04 08 00 00 00 00 00 00
04 08 00 00 00 00 00 00
04 08 00 00 00 00 00 00
04 08 00 00 00 00 00 00
04 08 00 00 00 00 00 00
04 08 00 00 00 00 00 00
04 08 10 00 00 00 00 00
04 08 00 00 00 00 00 00
40 14 00 00 00 00 00 00
40 14 48 12 00 00 00 00
40 14 48 10 02 00 00 00
40 14 48 10 02 00 00 00
40 14 48 21 00 00 00 00
40 14 0a 00 00 00 00 00
40 14 08 00 00 00 00 00
40 14 08 00 00 00 00 00
40 14 00 00 00 00 00 00
40 14 00 00 00 00 00 00
40 14 00 00 00 00 00 00
40 14 00 00 00 00 00 00
40 14 00 00 00 00 00 00
40 14 00 00 00 00 00 00
40 14 01 00 00 00 00 00
40 14 80 00 00 00 00 00
04 08 00 00 00 00 00 00
04 08 00 00 00 00 00 00
04 08 00 20 81 00 00 00
04 08 00 20 c1 00 00 00
04 08 00 00 00 00 00 00
04 08 00 00 00 00 00 00
04 08 02 00 00 00 00 00
04 08 02 00 00 00 00 00
04 08 00 00 00 00 00 00
04 08 00 00 00 00 00 00
04 08 00 00 00 00 00 00
04 08 00 00 00 00 00 00
04 08 00 00 00 00 00 00
04 08 00 00 00 00 00 00
04 08 10 00 00 00 00 00
04 08 00 00 00 00 00 00
40 14 00 00 00 00 00 00
40 14 48 12 00 00 00 00
40 14 48 10 02 00 00 00
40 14 48 10 02 00 00 00
40 14 48 21 00 00 00 00
40 14 0a 00 00 00 00 00
40 14 08 00 00 00 00 00
40 14 00 00 00 00 00 00
40 14 08 00 00 00 00 00
40 14 00 00 00 00 00 00
40 14 00 00 00 00 00 00
40 14 00 00 00 00 00 00
40 14 00 00 00 00 00 00
40 14 00 00 00 00 00 00
40 14 01 00 00 00 00 00
40 14 80 00 00 00 00 00
04 08 00 00 00 00 00 00
04 08 00 00 00 00 00 00
04 08 00 20 81 00 00 00
04 08 00 20 c1 00 00 00
04 08 00 00 00 00 00 00
04 08 00 00 00 00 00 00
04 08 02 00 00 00 00 00
04 08 00 00 00 00 00 00
04 08 02 00 00 00 00 00
04 08 00 00 00 00 00 00
04 08 00 00 00 00 00 00
04 08 00 00 00 00 00 00
04 08 00 00 00 00 00 00
04 08 00 00 00 00 00 00
04 08 10 00 00 00 00 00
04 08 00 00 00 00 00 00
40 14 00 00 00 00 00 00
40 14 48 12 00 00 00 00
40 14 48 10 02 00 00 00
40 14 48 10 02 00 00 00
40 14 48 21 00 00 00 00
40 14 0a 00 00 00 00 00
40 14 08 00 00 00 00 00
40 14 08 00 00 00 00 00
40 14 08 00 00 00 00 00
40 14 00 00 00 00 00 00
40 14 00 00 00 00 00 00
40 14 00 00 00 00 00 00
40 14 00 00 00 00 00 00
40 14 00 00 00 00 00 00
40 14 01 00 00 00 00 00
40 14 80 00 00 00 00 00
04 08 00 00 00 00 00 00
04 08 00 00 00 00 00 00
04 08 00 20 81 00 00 00
04 08 00 20 c1 00 00 00
04 08 00 00 00 00 00 00
04 08 00 00 00 00 00 00
04 08 02 00 00 00 00 00
04 08 02 00 00 00 00 00
04 08 02 00 00 00 00 00
04 08 00 00 00 00 00 00
04 08 00 00 00 00 00 00
04 08 00 00 00 00 00 00
04 08 00 00 00 00 00 00
04 08 00 00 00 00 00 00
04 08 10 00 00 00 00 00
04 08 00 00 00 00 00 00